{
 "cells": [
  {
   "cell_type": "code",
   "execution_count": 45,
   "metadata": {},
   "outputs": [],
   "source": [
    "import pandas as pd\n",
    "import numpy as np\n",
    "import matplotlib.pyplot as plt\n",
    "import seaborn as sns\n",
    "%matplotlib inline\n",
    "import plotly as py\n",
    "import plotly.graph_objs as go\n",
    "import plotly.express as px"
   ]
  },
  {
   "cell_type": "code",
   "execution_count": 46,
   "metadata": {},
   "outputs": [
    {
     "data": {
      "text/html": [
       "<div>\n",
       "<style scoped>\n",
       "    .dataframe tbody tr th:only-of-type {\n",
       "        vertical-align: middle;\n",
       "    }\n",
       "\n",
       "    .dataframe tbody tr th {\n",
       "        vertical-align: top;\n",
       "    }\n",
       "\n",
       "    .dataframe thead th {\n",
       "        text-align: right;\n",
       "    }\n",
       "</style>\n",
       "<table border=\"1\" class=\"dataframe\">\n",
       "  <thead>\n",
       "    <tr style=\"text-align: right;\">\n",
       "      <th></th>\n",
       "      <th>name</th>\n",
       "      <th>State</th>\n",
       "      <th>gdp</th>\n",
       "      <th>population</th>\n",
       "      <th>region</th>\n",
       "      <th>electricityGenerated</th>\n",
       "      <th>co2_electric_emissions</th>\n",
       "      <th>renewable_share</th>\n",
       "      <th>imports</th>\n",
       "      <th>totalElectricity</th>\n",
       "      <th>...</th>\n",
       "      <th>gen_nuclear</th>\n",
       "      <th>gen_hydroelectric</th>\n",
       "      <th>gen_nonhydroRenewables</th>\n",
       "      <th>gen_total</th>\n",
       "      <th>gen_petroleum_pct</th>\n",
       "      <th>gen_naturalGas_pct</th>\n",
       "      <th>gen_coal_pct</th>\n",
       "      <th>gen_nuclear_pct</th>\n",
       "      <th>gen_hydroelectric_pct</th>\n",
       "      <th>gen_nonhydroRenewables_pct</th>\n",
       "    </tr>\n",
       "  </thead>\n",
       "  <tbody>\n",
       "    <tr>\n",
       "      <th>0</th>\n",
       "      <td>Alabama</td>\n",
       "      <td>AL</td>\n",
       "      <td>205625</td>\n",
       "      <td>4903185</td>\n",
       "      <td>South</td>\n",
       "      <td>1282.0</td>\n",
       "      <td>50842</td>\n",
       "      <td>0.15</td>\n",
       "      <td>-152.0</td>\n",
       "      <td>1130.0</td>\n",
       "      <td>...</td>\n",
       "      <td>368.49300</td>\n",
       "      <td>98.64900</td>\n",
       "      <td>28.02400</td>\n",
       "      <td>1282.0</td>\n",
       "      <td>0.0000</td>\n",
       "      <td>0.3460</td>\n",
       "      <td>0.2157</td>\n",
       "      <td>0.3261</td>\n",
       "      <td>0.0873</td>\n",
       "      <td>0.0248</td>\n",
       "    </tr>\n",
       "    <tr>\n",
       "      <th>1</th>\n",
       "      <td>Alaska</td>\n",
       "      <td>AK</td>\n",
       "      <td>50404</td>\n",
       "      <td>731545</td>\n",
       "      <td>West</td>\n",
       "      <td>55.6</td>\n",
       "      <td>3470</td>\n",
       "      <td>0.04</td>\n",
       "      <td>0.0</td>\n",
       "      <td>55.6</td>\n",
       "      <td>...</td>\n",
       "      <td>0.00000</td>\n",
       "      <td>17.74196</td>\n",
       "      <td>2.01272</td>\n",
       "      <td>55.6</td>\n",
       "      <td>0.1468</td>\n",
       "      <td>0.3660</td>\n",
       "      <td>0.1319</td>\n",
       "      <td>0.0000</td>\n",
       "      <td>0.3191</td>\n",
       "      <td>0.0362</td>\n",
       "    </tr>\n",
       "    <tr>\n",
       "      <th>2</th>\n",
       "      <td>Arizona</td>\n",
       "      <td>AZ</td>\n",
       "      <td>305849</td>\n",
       "      <td>7278717</td>\n",
       "      <td>West</td>\n",
       "      <td>1066.0</td>\n",
       "      <td>43562</td>\n",
       "      <td>0.12</td>\n",
       "      <td>-98.7</td>\n",
       "      <td>967.3</td>\n",
       "      <td>...</td>\n",
       "      <td>355.57948</td>\n",
       "      <td>64.90583</td>\n",
       "      <td>77.19054</td>\n",
       "      <td>1066.0</td>\n",
       "      <td>0.0007</td>\n",
       "      <td>0.3153</td>\n",
       "      <td>0.1694</td>\n",
       "      <td>0.3676</td>\n",
       "      <td>0.0671</td>\n",
       "      <td>0.0798</td>\n",
       "    </tr>\n",
       "    <tr>\n",
       "      <th>3</th>\n",
       "      <td>Arkansas</td>\n",
       "      <td>AR</td>\n",
       "      <td>121383</td>\n",
       "      <td>3017825</td>\n",
       "      <td>South</td>\n",
       "      <td>621.0</td>\n",
       "      <td>32514</td>\n",
       "      <td>0.11</td>\n",
       "      <td>-48.3</td>\n",
       "      <td>572.7</td>\n",
       "      <td>...</td>\n",
       "      <td>154.39992</td>\n",
       "      <td>40.54716</td>\n",
       "      <td>11.11038</td>\n",
       "      <td>621.0</td>\n",
       "      <td>0.0022</td>\n",
       "      <td>0.2055</td>\n",
       "      <td>0.4324</td>\n",
       "      <td>0.2696</td>\n",
       "      <td>0.0708</td>\n",
       "      <td>0.0194</td>\n",
       "    </tr>\n",
       "    <tr>\n",
       "      <th>4</th>\n",
       "      <td>California</td>\n",
       "      <td>CA</td>\n",
       "      <td>2622731</td>\n",
       "      <td>39512223</td>\n",
       "      <td>West</td>\n",
       "      <td>1608.0</td>\n",
       "      <td>40874</td>\n",
       "      <td>0.14</td>\n",
       "      <td>305.0</td>\n",
       "      <td>1913.0</td>\n",
       "      <td>...</td>\n",
       "      <td>125.30150</td>\n",
       "      <td>121.09290</td>\n",
       "      <td>712.78380</td>\n",
       "      <td>1608.0</td>\n",
       "      <td>0.0023</td>\n",
       "      <td>0.4942</td>\n",
       "      <td>0.0020</td>\n",
       "      <td>0.0655</td>\n",
       "      <td>0.0633</td>\n",
       "      <td>0.3726</td>\n",
       "    </tr>\n",
       "  </tbody>\n",
       "</table>\n",
       "<p>5 rows × 31 columns</p>\n",
       "</div>"
      ],
      "text/plain": [
       "         name State      gdp  population region  electricityGenerated  \\\n",
       "0     Alabama    AL   205625     4903185  South                1282.0   \n",
       "1      Alaska    AK    50404      731545   West                  55.6   \n",
       "2     Arizona    AZ   305849     7278717   West                1066.0   \n",
       "3    Arkansas    AR   121383     3017825  South                 621.0   \n",
       "4  California    CA  2622731    39512223   West                1608.0   \n",
       "\n",
       "   co2_electric_emissions  renewable_share  imports  totalElectricity  ...  \\\n",
       "0                   50842             0.15   -152.0            1130.0  ...   \n",
       "1                    3470             0.04      0.0              55.6  ...   \n",
       "2                   43562             0.12    -98.7             967.3  ...   \n",
       "3                   32514             0.11    -48.3             572.7  ...   \n",
       "4                   40874             0.14    305.0            1913.0  ...   \n",
       "\n",
       "   gen_nuclear  gen_hydroelectric  gen_nonhydroRenewables  gen_total  \\\n",
       "0    368.49300           98.64900                28.02400     1282.0   \n",
       "1      0.00000           17.74196                 2.01272       55.6   \n",
       "2    355.57948           64.90583                77.19054     1066.0   \n",
       "3    154.39992           40.54716                11.11038      621.0   \n",
       "4    125.30150          121.09290               712.78380     1608.0   \n",
       "\n",
       "   gen_petroleum_pct  gen_naturalGas_pct  gen_coal_pct  gen_nuclear_pct  \\\n",
       "0             0.0000              0.3460        0.2157           0.3261   \n",
       "1             0.1468              0.3660        0.1319           0.0000   \n",
       "2             0.0007              0.3153        0.1694           0.3676   \n",
       "3             0.0022              0.2055        0.4324           0.2696   \n",
       "4             0.0023              0.4942        0.0020           0.0655   \n",
       "\n",
       "   gen_hydroelectric_pct  gen_nonhydroRenewables_pct  \n",
       "0                 0.0873                      0.0248  \n",
       "1                 0.3191                      0.0362  \n",
       "2                 0.0671                      0.0798  \n",
       "3                 0.0708                      0.0194  \n",
       "4                 0.0633                      0.3726  \n",
       "\n",
       "[5 rows x 31 columns]"
      ]
     },
     "execution_count": 46,
     "metadata": {},
     "output_type": "execute_result"
    }
   ],
   "source": [
    "df = pd.read_csv(\"fullElectricData.csv\")\n",
    "df.head()"
   ]
  },
  {
   "cell_type": "code",
   "execution_count": 47,
   "metadata": {},
   "outputs": [],
   "source": [
    "\n",
    "def createQuintiles(col):\n",
    "    return pd.qcut(col, 5, labels=False)\n",
    "\n",
    "df['gdp_cat'] = createQuintiles(df['gdp'])\n",
    "df['population_cat'] = createQuintiles(df['population'])\n"
   ]
  },
  {
   "cell_type": "code",
   "execution_count": 48,
   "metadata": {},
   "outputs": [
    {
     "data": {
      "text/plain": [
       "Index(['name', 'State', 'gdp', 'population', 'region', 'electricityGenerated',\n",
       "       'co2_electric_emissions', 'renewable_share', 'imports',\n",
       "       'totalElectricity', 'cons_rejected', 'cons_residential',\n",
       "       'cons_commercial', 'cons_industrial', 'cons_rejected_pct',\n",
       "       'cons_residential_pct', 'cons_commercial_pct', 'cons_industrial_pct',\n",
       "       'gen_petroleum', 'gen_naturalGas', 'gen_coal', 'gen_nuclear',\n",
       "       'gen_hydroelectric', 'gen_nonhydroRenewables', 'gen_total',\n",
       "       'gen_petroleum_pct', 'gen_naturalGas_pct', 'gen_coal_pct',\n",
       "       'gen_nuclear_pct', 'gen_hydroelectric_pct',\n",
       "       'gen_nonhydroRenewables_pct', 'gdp_cat', 'population_cat'],\n",
       "      dtype='object')"
      ]
     },
     "execution_count": 48,
     "metadata": {},
     "output_type": "execute_result"
    }
   ],
   "source": [
    "df.columns"
   ]
  },
  {
   "cell_type": "code",
   "execution_count": 49,
   "metadata": {},
   "outputs": [
    {
     "data": {
      "text/plain": [
       "gdp_cat\n",
       "0     221.754545\n",
       "1     330.370000\n",
       "2     790.300000\n",
       "3     745.100000\n",
       "4    1704.300000\n",
       "Name: electricityGenerated, dtype: float64"
      ]
     },
     "execution_count": 49,
     "metadata": {},
     "output_type": "execute_result"
    }
   ],
   "source": [
    "df.groupby('gdp_cat')['electricityGenerated'].mean()"
   ]
  },
  {
   "cell_type": "code",
   "execution_count": 50,
   "metadata": {},
   "outputs": [
    {
     "data": {
      "text/plain": [
       "gdp_cat\n",
       "0    0.208182\n",
       "1    0.126000\n",
       "2    0.157000\n",
       "3    0.131000\n",
       "4    0.083000\n",
       "Name: renewable_share, dtype: float64"
      ]
     },
     "execution_count": 50,
     "metadata": {},
     "output_type": "execute_result"
    }
   ],
   "source": [
    "df.groupby('gdp_cat')['renewable_share'].mean()"
   ]
  },
  {
   "cell_type": "code",
   "execution_count": null,
   "metadata": {},
   "outputs": [],
   "source": [
    "df.groupby('population_cat')['renewable_share'].mean()"
   ]
  },
  {
   "cell_type": "code",
   "execution_count": 60,
   "metadata": {},
   "outputs": [],
   "source": [
    "df['co2_capita'] = df['co2_electric_emissions']/df['population']"
   ]
  },
  {
   "cell_type": "code",
   "execution_count": 53,
   "metadata": {},
   "outputs": [],
   "source": [
    "\n",
    "\n",
    "\n"
   ]
  },
  {
   "cell_type": "code",
   "execution_count": 61,
   "metadata": {},
   "outputs": [],
   "source": [
    "forCor= df\n",
    "corr = forCor.corr()\n",
    "corColz = corr.columns\n",
    "corColz = list(corColz)"
   ]
  },
  {
   "cell_type": "code",
   "execution_count": 62,
   "metadata": {},
   "outputs": [
    {
     "data": {
      "application/vnd.plotly.v1+json": {
       "config": {
        "plotlyServerURL": "https://plot.ly"
       },
       "data": [
        {
         "coloraxis": "coloraxis",
         "hovertemplate": "Xcols: %{x}<br>Ycols: %{y}<br>color: %{z}<extra></extra>",
         "type": "heatmap",
         "x": [
          "gdp",
          "population",
          "electricityGenerated",
          "co2_electric_emissions",
          "renewable_share",
          "imports",
          "totalElectricity",
          "cons_rejected",
          "cons_residential",
          "cons_commercial",
          "cons_industrial",
          "cons_rejected_pct",
          "cons_residential_pct",
          "cons_commercial_pct",
          "cons_industrial_pct",
          "gen_petroleum",
          "gen_naturalGas",
          "gen_coal",
          "gen_nuclear",
          "gen_hydroelectric",
          "gen_nonhydroRenewables",
          "gen_total",
          "gen_petroleum_pct",
          "gen_naturalGas_pct",
          "gen_coal_pct",
          "gen_nuclear_pct",
          "gen_hydroelectric_pct",
          "gen_nonhydroRenewables_pct",
          "gdp_cat",
          "population_cat",
          "co2_capita"
         ],
         "y": [
          "gdp",
          "population",
          "electricityGenerated",
          "co2_electric_emissions",
          "renewable_share",
          "imports",
          "totalElectricity",
          "cons_rejected",
          "cons_residential",
          "cons_commercial",
          "cons_industrial",
          "cons_rejected_pct",
          "cons_residential_pct",
          "cons_commercial_pct",
          "cons_industrial_pct",
          "gen_petroleum",
          "gen_naturalGas",
          "gen_coal",
          "gen_nuclear",
          "gen_hydroelectric",
          "gen_nonhydroRenewables",
          "gen_total",
          "gen_petroleum_pct",
          "gen_naturalGas_pct",
          "gen_coal_pct",
          "gen_nuclear_pct",
          "gen_hydroelectric_pct",
          "gen_nonhydroRenewables_pct",
          "gdp_cat",
          "population_cat",
          "co2_capita"
         ],
         "z": [
          [
           1,
           0.9794737946628866,
           0.7071070044985871,
           0.5073415328175446,
           -0.18101381037812686,
           0.431938515989501,
           0.7590127000058047,
           0.7005596302502759,
           0.7827352543418861,
           0.9110474008016244,
           0.6225683326980573,
           -0.03808194411270123,
           0.09006949156908949,
           0.07642483583767463,
           -0.17320896655363283,
           0.14885291891837124,
           0.7343655286915872,
           0.2561920755287025,
           0.33063753510430416,
           0.21137401537291148,
           0.7531212069948834,
           0.7071070044985871,
           -0.09261586938047314,
           0.2431595810654622,
           -0.1776727605649736,
           0.0672012488717446,
           -0.1348747273717616,
           -0.0071263946453185185,
           0.6970452924173121,
           0.690076064571176,
           -0.22233736212245883
          ],
          [
           0.9794737946628866,
           1,
           0.7957213708910488,
           0.6216305207118742,
           -0.20825070945873875,
           0.3994328498494972,
           0.842356131171461,
           0.7865521967381902,
           0.8794667896414624,
           0.9600940873905563,
           0.6912028588636574,
           -0.004293839062591626,
           0.09448266686014856,
           0.020710810541605527,
           -0.15767175880344708,
           0.130677846122116,
           0.8262535092491791,
           0.34473470496921843,
           0.3833222725720619,
           0.16486361110678704,
           0.7623934750986584,
           0.7957213708910488,
           -0.10838623360620106,
           0.25516722117628393,
           -0.15354733694982656,
           0.09388408998091481,
           -0.17184909684639466,
           -0.05220760520463197,
           0.7356383305046672,
           0.7439669204715368,
           -0.2177281683812025
          ],
          [
           0.7071070044985871,
           0.7957213708910488,
           1,
           0.9151614334925351,
           -0.2308995952011361,
           0.013491084676247937,
           0.9896461957112285,
           0.9898146437401617,
           0.9237509932032125,
           0.8782072074914028,
           0.9016816612891342,
           0.18515801022930023,
           -0.08937353106295527,
           -0.1980872864214879,
           -0.05180368986041547,
           0.03583297625045363,
           0.8750301744033383,
           0.6571719003541175,
           0.595626236267001,
           0.10494639088428136,
           0.682292775918243,
           1,
           -0.15820678840991095,
           0.11554831190480733,
           -0.0001430593808744175,
           0.24067371470519466,
           -0.2298860272488372,
           -0.18872324561790302,
           0.698058704009995,
           0.7323703627259195,
           -0.03227656970497139
          ],
          [
           0.5073415328175446,
           0.6216305207118742,
           0.9151614334925351,
           1,
           -0.3296703257635279,
           -0.006561395463507017,
           0.90343861833323,
           0.9103523336486932,
           0.8314987025137943,
           0.7406059468490187,
           0.8866637725702833,
           0.22076011712240506,
           -0.1606801754977174,
           -0.24853115476039897,
           0.03936129370080514,
           0.011295027401808818,
           0.823206503139638,
           0.7126232281596009,
           0.5213547072790201,
           -0.11574033643720787,
           0.6121677420386222,
           0.9151614334925351,
           -0.13053963633769353,
           0.07212514693534118,
           0.14263264513841864,
           0.21938424570569667,
           -0.3371143549101427,
           -0.19058159173926414,
           0.5212487626898352,
           0.57530382104872,
           0.15026736828955464
          ],
          [
           -0.18101381037812686,
           -0.20825070945873875,
           -0.2308995952011361,
           -0.3296703257635279,
           1,
           -0.15601649527489997,
           -0.2485018392788926,
           -0.2398299089692251,
           -0.25532429858916106,
           -0.2503447375364887,
           -0.20688806998387949,
           0.07202344600797761,
           -0.05504783089655006,
           -0.16476141617737405,
           0.22195234212410572,
           -0.1375106409018802,
           -0.27640579102883195,
           -0.29039959939484794,
           -0.3605965229167345,
           0.5500736235176868,
           0.040131773236794246,
           -0.2308995952011361,
           -0.07238156444883996,
           -0.43902481010596706,
           -0.1658156745026263,
           -0.2982727025404977,
           0.8010755230002116,
           0.5519283692923515,
           -0.3098463626103134,
           -0.3206328230151776,
           -0.06706414097214893
          ],
          [
           0.431938515989501,
           0.3994328498494972,
           0.013491084676247937,
           -0.006561395463507017,
           -0.15601649527489997,
           1,
           0.1554644415368209,
           0.09440000173213037,
           0.2549838910428293,
           0.3479109227520199,
           0.08108881254818244,
           -0.04126193494803396,
           0.06258732063001485,
           0.15930085821053136,
           -0.31823268364544016,
           0.12263067001837338,
           0.2310378876256133,
           -0.04625881430968701,
           -0.029551883175544566,
           0.004487673990945641,
           0.240824563214797,
           0.013491084676247937,
           0.020393045846869063,
           0.19253200661081482,
           -0.0971379195159364,
           -0.05921668491961992,
           -0.028771361478397282,
           -0.059017957075930175,
           0.2553370266254263,
           0.21672682327917517,
           -0.2719756090385977
          ],
          [
           0.7590127000058047,
           0.842356131171461,
           0.9896461957112285,
           0.90343861833323,
           -0.2485018392788926,
           0.1554644415368209,
           1,
           0.9917218941243929,
           0.9486254261090354,
           0.916512655919253,
           0.9026281506511277,
           0.1800153827532866,
           -0.08292003344134467,
           -0.17576236684342006,
           -0.09556385438516081,
           0.05289535509014214,
           0.8961250535952563,
           0.6436639108773589,
           0.5853867221123946,
           0.10507307384709497,
           0.708688537411031,
           0.9896461957112285,
           -0.15284703460704985,
           0.13554853590196037,
           -0.011503909887799427,
           0.23138263489504418,
           -0.22981274000033364,
           -0.19392326930160875,
           0.7232434077338146,
           0.7514641418078323,
           -0.06954770702986396
          ],
          [
           0.7005596302502759,
           0.7865521967381902,
           0.9898146437401617,
           0.9103523336486932,
           -0.2398299089692251,
           0.09440000173213037,
           0.9917218941243929,
           1,
           0.9086319471696491,
           0.8647628403635522,
           0.8975696946483066,
           0.2515021159392996,
           -0.16308090908784406,
           -0.22971167512383198,
           -0.11152448639002106,
           0.036088927325317266,
           0.8561243364638708,
           0.6777067084711991,
           0.6225845343493746,
           0.10641724840624607,
           0.672481372881958,
           0.9898146437401617,
           -0.15466040529493444,
           0.07700066983989907,
           0.031432201734213384,
           0.2623087678439945,
           -0.22683925283589532,
           -0.21494151360962754,
           0.6900332323599246,
           0.7255284416919296,
           -0.020818144338804825
          ],
          [
           0.7827352543418861,
           0.8794667896414624,
           0.9237509932032125,
           0.8314987025137943,
           -0.25532429858916106,
           0.2549838910428293,
           0.9486254261090354,
           0.9086319471696491,
           1,
           0.9593134452656555,
           0.7916029768485571,
           0.03511252972396344,
           0.12390334063557033,
           -0.06071741643112153,
           -0.13045860732728043,
           0.10217835582579471,
           0.9408038263819244,
           0.5175717910224145,
           0.48777051876967153,
           0.08940588211137374,
           0.664537221528302,
           0.9237509932032125,
           -0.1389735666631897,
           0.26357687482636005,
           -0.1098984304430559,
           0.17548868945668927,
           -0.21736214557631087,
           -0.19191644612509748,
           0.7443668972483335,
           0.7642851235336879,
           -0.17346755659128452
          ],
          [
           0.9110474008016244,
           0.9600940873905563,
           0.8782072074914028,
           0.7406059468490187,
           -0.2503447375364887,
           0.3479109227520199,
           0.916512655919253,
           0.8647628403635522,
           0.9593134452656555,
           1,
           0.7542611115041422,
           -0.009919145009509337,
           0.12317522083642052,
           0.02201971649058684,
           -0.1769441919354204,
           0.13512006381889585,
           0.9015612370498147,
           0.444364726012488,
           0.4398252521528624,
           0.12686514747038685,
           0.7435130611249252,
           0.8782072074914028,
           -0.1310321081673534,
           0.26976282338798335,
           -0.13718806007185033,
           0.1382342548391943,
           -0.20755163628539394,
           -0.11515542381607159,
           0.7601792543101702,
           0.7687553659591996,
           -0.2023584056612961
          ],
          [
           0.6225683326980573,
           0.6912028588636574,
           0.9016816612891342,
           0.8866637725702833,
           -0.20688806998387949,
           0.08108881254818244,
           0.9026281506511277,
           0.8975696946483066,
           0.7916029768485571,
           0.7542611115041422,
           1,
           0.13508767109001726,
           -0.1279592525308718,
           -0.21510909175792722,
           0.2109897600051994,
           -0.05018361948882633,
           0.7750955063948095,
           0.670933468426817,
           0.4872893498120887,
           0.045970641127880664,
           0.7188995682304958,
           0.9016816612891342,
           -0.13982559869816458,
           0.09223612742728703,
           0.037755923286012176,
           0.16250711026749454,
           -0.2223997610464717,
           -0.10259953198589697,
           0.6024365385165751,
           0.6150818465481722,
           -0.020800157552290054
          ],
          [
           -0.03808194411270123,
           -0.004293839062591626,
           0.18515801022930023,
           0.22076011712240506,
           0.07202344600797761,
           -0.04126193494803396,
           0.1800153827532866,
           0.2515021159392996,
           0.03511252972396344,
           -0.009919145009509337,
           0.13508767109001726,
           1,
           -0.8746831195429077,
           -0.8857302201810262,
           -0.21552196420491712,
           0.018877516995371553,
           0.0006729928320394255,
           0.3073704265767291,
           0.23576868451537522,
           0.09722213382364457,
           0.0441393532091338,
           0.18515801022930023,
           0.02091742330519741,
           -0.4503768485712117,
           0.4174587859865708,
           0.27409711751583665,
           -0.07129407481438063,
           -0.26726908364369895,
           0.0034945414250411675,
           0.07839228297432582,
           0.4437115067816539
          ],
          [
           0.09006949156908949,
           0.09448266686014856,
           -0.08937353106295527,
           -0.1606801754977174,
           -0.05504783089655006,
           0.06258732063001485,
           -0.08292003344134467,
           -0.16308090908784406,
           0.12390334063557033,
           0.12317522083642052,
           -0.1279592525308718,
           -0.8746831195429077,
           1,
           0.6634910699869172,
           0.169276238898724,
           -0.03490321987793349,
           0.1190754184101169,
           -0.3016340854109352,
           -0.13178188593670298,
           -0.06455003090681463,
           -0.07451213844460723,
           -0.08937353106295527,
           -0.09669535398038596,
           0.5035329547094176,
           -0.4808091333044215,
           -0.15662276968363675,
           0.10655146423611722,
           0.0920339122752613,
           0.10286772000955141,
           0.07295788043023367,
           -0.5496926972417102
          ],
          [
           0.07642483583767463,
           0.020710810541605527,
           -0.1980872864214879,
           -0.24853115476039897,
           -0.16476141617737405,
           0.15930085821053136,
           -0.17576236684342006,
           -0.22971167512383198,
           -0.06071741643112153,
           0.02201971649058684,
           -0.21510909175792722,
           -0.8857302201810262,
           0.6634910699869172,
           1,
           -0.1933935910473425,
           0.0009919518796924914,
           -0.02326328382678893,
           -0.2907814829865736,
           -0.20600093203192704,
           -0.078608339165981,
           -0.04754705021324998,
           -0.1980872864214879,
           -0.028309787809418268,
           0.4496230134283185,
           -0.35366292526726556,
           -0.22243935345988303,
           -0.02058225013194009,
           0.203386736144164,
           0.0023412157249054644,
           -0.09801355273939981,
           -0.36950306211061223
          ],
          [
           -0.17320896655363283,
           -0.15767175880344708,
           -0.05180368986041547,
           0.03936129370080514,
           0.22195234212410572,
           -0.31823268364544016,
           -0.09556385438516081,
           -0.11152448639002106,
           -0.13045860732728043,
           -0.1769441919354204,
           0.2109897600051994,
           -0.21552196420491712,
           0.169276238898724,
           -0.1933935910473425,
           1,
           -0.030133419120867932,
           -0.09513295696341746,
           0.019469915033286357,
           -0.1557248886717318,
           -0.07365061345481656,
           0.056510747640285436,
           -0.05180368986041547,
           0.11620575936015641,
           -0.16200937879978244,
           0.014183212182379598,
           -0.2140507662115276,
           0.1627046555077368,
           0.3205954327738091,
           -0.1542250261914362,
           -0.1303585220018595,
           0.04555412560886742
          ],
          [
           0.14885291891837124,
           0.130677846122116,
           0.03583297625045363,
           0.011295027401808818,
           -0.1375106409018802,
           0.12263067001837338,
           0.05289535509014214,
           0.036088927325317266,
           0.10217835582579471,
           0.13512006381889585,
           -0.05018361948882633,
           0.018877516995371553,
           -0.03490321987793349,
           0.0009919518796924914,
           -0.030133419120867932,
           1,
           0.09935384089415175,
           -0.12455822536081683,
           0.047845637256430776,
           0.0157230288463965,
           0.001453145787623456,
           0.03583297625045363,
           0.8974999738560971,
           -0.10197644396523575,
           -0.15532272896291077,
           -0.023741837881604742,
           -0.09703564012708073,
           -0.06748039312101456,
           0.08068588000205282,
           0.09864286374004803,
           -0.09415647540513362
          ],
          [
           0.7343655286915872,
           0.8262535092491791,
           0.8750301744033383,
           0.823206503139638,
           -0.27640579102883195,
           0.2310378876256133,
           0.8961250535952563,
           0.8561243364638708,
           0.9408038263819244,
           0.9015612370498147,
           0.7750955063948095,
           0.0006729928320394255,
           0.1190754184101169,
           -0.02326328382678893,
           -0.09513295696341746,
           0.09935384089415175,
           1,
           0.4671149648464823,
           0.32099144284648545,
           -0.009704824798546964,
           0.6556262901693819,
           0.8750301744033383,
           -0.10850802935690257,
           0.4182356357610487,
           -0.1441157377987378,
           0.02031273309751414,
           -0.23041436647542843,
           -0.154702190349379,
           0.6141144795935058,
           0.6218054926487233,
           -0.14565776528632968
          ],
          [
           0.2561920755287025,
           0.34473470496921843,
           0.6571719003541175,
           0.7126232281596009,
           -0.29039959939484794,
           -0.04625881430968701,
           0.6436639108773589,
           0.6777067084711991,
           0.5175717910224145,
           0.444364726012488,
           0.670933468426817,
           0.3073704265767291,
           -0.3016340854109352,
           -0.2907814829865736,
           0.019469915033286357,
           -0.12455822536081683,
           0.4671149648464823,
           1,
           0.2679064761502037,
           -0.17830898136656667,
           0.377138340019725,
           0.6571719003541175,
           -0.14040049464774265,
           -0.15392066718890507,
           0.6477221488881985,
           -0.03123652388173164,
           -0.33623132786590115,
           -0.190107644461295,
           0.4035312193840674,
           0.44488878323046305,
           0.2045614731993362
          ],
          [
           0.33063753510430416,
           0.3833222725720619,
           0.595626236267001,
           0.5213547072790201,
           -0.3605965229167345,
           -0.029551883175544566,
           0.5853867221123946,
           0.6225845343493746,
           0.48777051876967153,
           0.4398252521528624,
           0.4872893498120887,
           0.23576868451537522,
           -0.13178188593670298,
           -0.20600093203192704,
           -0.1557248886717318,
           0.047845637256430776,
           0.32099144284648545,
           0.2679064761502037,
           1,
           -0.0308427819169654,
           0.11913135571152281,
           0.595626236267001,
           -0.13124930251322128,
           -0.09505559135312863,
           -0.1847844179281243,
           0.8169483059351151,
           -0.2906175234060927,
           -0.42091331836651713,
           0.5766294697791249,
           0.6254008518021821,
           -0.05389318332218738
          ],
          [
           0.21137401537291148,
           0.16486361110678704,
           0.10494639088428136,
           -0.11574033643720787,
           0.5500736235176868,
           0.004487673990945641,
           0.10507307384709497,
           0.10641724840624607,
           0.08940588211137374,
           0.12686514747038685,
           0.045970641127880664,
           0.09722213382364457,
           -0.06455003090681463,
           -0.078608339165981,
           -0.07365061345481656,
           0.0157230288463965,
           -0.009704824798546964,
           -0.17830898136656667,
           -0.0308427819169654,
           1,
           0.0676612739439575,
           0.10494639088428136,
           -0.06934486936016007,
           -0.15112721145478095,
           -0.2101393830592791,
           -0.07948597201023601,
           0.649104457266559,
           -0.049674754974312334,
           0.16347042126701777,
           0.1867537001485233,
           -0.1329769939320826
          ],
          [
           0.7531212069948834,
           0.7623934750986584,
           0.682292775918243,
           0.6121677420386222,
           0.040131773236794246,
           0.240824563214797,
           0.708688537411031,
           0.672481372881958,
           0.664537221528302,
           0.7435130611249252,
           0.7188995682304958,
           0.0441393532091338,
           -0.07451213844460723,
           -0.04754705021324998,
           0.056510747640285436,
           0.001453145787623456,
           0.6556262901693819,
           0.377138340019725,
           0.11913135571152281,
           0.0676612739439575,
           1,
           0.682292775918243,
           -0.08600270107575773,
           0.03568388189886843,
           -0.0319862373769093,
           -0.11283372252681398,
           -0.11026606933184939,
           0.38248385517654826,
           0.37467637963438666,
           0.34645130340141533,
           -0.02606381981743592
          ],
          [
           0.7071070044985871,
           0.7957213708910488,
           1,
           0.9151614334925351,
           -0.2308995952011361,
           0.013491084676247937,
           0.9896461957112285,
           0.9898146437401617,
           0.9237509932032125,
           0.8782072074914028,
           0.9016816612891342,
           0.18515801022930023,
           -0.08937353106295527,
           -0.1980872864214879,
           -0.05180368986041547,
           0.03583297625045363,
           0.8750301744033383,
           0.6571719003541175,
           0.595626236267001,
           0.10494639088428136,
           0.682292775918243,
           1,
           -0.15820678840991095,
           0.11554831190480733,
           -0.0001430593808744175,
           0.24067371470519466,
           -0.2298860272488372,
           -0.18872324561790302,
           0.698058704009995,
           0.7323703627259195,
           -0.03227656970497139
          ],
          [
           -0.09261586938047314,
           -0.10838623360620106,
           -0.15820678840991095,
           -0.13053963633769353,
           -0.07238156444883996,
           0.020393045846869063,
           -0.15284703460704985,
           -0.15466040529493444,
           -0.1389735666631897,
           -0.1310321081673534,
           -0.13982559869816458,
           0.02091742330519741,
           -0.09669535398038596,
           -0.028309787809418268,
           0.11620575936015641,
           0.8974999738560971,
           -0.10850802935690257,
           -0.14040049464774265,
           -0.13124930251322128,
           -0.06934486936016007,
           -0.08600270107575773,
           -0.15820678840991095,
           1,
           -0.17725424411604693,
           -0.07636372675507826,
           -0.14410367078807776,
           -0.052019867775271844,
           0.002754182810526002,
           -0.12278902806603374,
           -0.12219259515335841,
           -0.049048055418315924
          ],
          [
           0.2431595810654622,
           0.25516722117628393,
           0.11554831190480733,
           0.07212514693534118,
           -0.43902481010596706,
           0.19253200661081482,
           0.13554853590196037,
           0.07700066983989907,
           0.26357687482636005,
           0.26976282338798335,
           0.09223612742728703,
           -0.4503768485712117,
           0.5035329547094176,
           0.4496230134283185,
           -0.16200937879978244,
           -0.10197644396523575,
           0.4182356357610487,
           -0.15392066718890507,
           -0.09505559135312863,
           -0.15112721145478095,
           0.03568388189886843,
           0.11554831190480733,
           -0.17725424411604693,
           1,
           -0.41175994804182914,
           -0.1866435534648811,
           -0.3103078209541009,
           -0.24100740052037917,
           0.21034621694299183,
           0.17273640762755568,
           -0.35320478723972776
          ],
          [
           -0.1776727605649736,
           -0.15354733694982656,
           -0.0001430593808744175,
           0.14263264513841864,
           -0.1658156745026263,
           -0.0971379195159364,
           -0.011503909887799427,
           0.031432201734213384,
           -0.1098984304430559,
           -0.13718806007185033,
           0.037755923286012176,
           0.4174587859865708,
           -0.4808091333044215,
           -0.35366292526726556,
           0.014183212182379598,
           -0.15532272896291077,
           -0.1441157377987378,
           0.6477221488881985,
           -0.1847844179281243,
           -0.2101393830592791,
           -0.0319862373769093,
           -0.0001430593808744175,
           -0.07636372675507826,
           -0.41175994804182914,
           1,
           -0.24790724678965956,
           -0.26225516011221156,
           -0.09190917694020957,
           -0.09937385409445623,
           -0.05319987502506154,
           0.4930285477644179
          ],
          [
           0.0672012488717446,
           0.09388408998091481,
           0.24067371470519466,
           0.21938424570569667,
           -0.2982727025404977,
           -0.05921668491961992,
           0.23138263489504418,
           0.2623087678439945,
           0.17548868945668927,
           0.1382342548391943,
           0.16250711026749454,
           0.27409711751583665,
           -0.15662276968363675,
           -0.22243935345988303,
           -0.2140507662115276,
           -0.023741837881604742,
           0.02031273309751414,
           -0.03123652388173164,
           0.8169483059351151,
           -0.07948597201023601,
           -0.11283372252681398,
           0.24067371470519466,
